16 1
 Mon Oct 20 00:33:26 2025

0 0 0 0 0 0 0 0 0 0 0 0 0 0 0 0 0 0 0 0 0 0 0 0 0 0 0 0 0 0 0 0 0 0 0 0 0 0 0 0 0 0 0 0 0 0 0 0 0 0 0 0 0 0 0 0 0 0 0 0 0 0 0 0 0 0 0 0 0 0 0 0 0 0 0 0 0 0 0 0 0 0 0 0 0 0 0 0 0 0 0 0 0 0 0 0 0 0 0 0 0 0 0 0 0 0 0 0 0 0 0 0 0 0 0 0 0 0 0 0 0 0 0 0 0 0 0 0 0 0 0 0 0 0 0 0 0 0 0 0 0 0 0 0 0 0 0 0 0 0 0 0 0 0 0 0 0 0 0 0 0 0 0 0 0 0 0 0 0 0 0 0 0 0 0 0 0 0 0 0 0 0 0 0 0 0 0 0 0 0 0 0 0 0 0 0 0 0 0 0 0 0 0 0 0 0 0 0 0 0 0 0 0 0 0 0 0 0 0 0 0 0 0 0 0 0 0 0 0 0 0 0 0 0 0 0 0 0 0 0 0 0 0 0 0 0 0 0 0 0 0 0 0 0 0 0 5 0 5 1    5 0 6 1    5 0 7 1    6 0 7 1    7 0 6 1    
-1
4 0 6 1    5 0 5 0    6 0 5 1    7 0 6 0    
-1
4 0 7 1    5 0 5 1    5 0 6 0    6 0 5 0    
-1
5 0 5 0    5 0 8 1    6 0 6 1    6 0 7 0    
-1
4 0 8 1    5 0 7 0    6 0 6 0    6 0 7 1    
-1
3 0 7 1    4 0 6 0    5 0 6 1    6 0 7 0    
-1
3 0 8 1    4 0 6 1    4 0 7 0    5 0 6 0    
-1
4 0 6 0    4 0 9 1    5 0 7 1    5 0 8 0    
-1
3 0 9 1    4 0 8 0    5 0 7 0    5 0 8 1    
-1
2 0 8 1    3 0 7 0    4 0 7 1    5 0 8 0    
-1
2 0 9 1    3 0 7 1    3 0 8 0    4 0 7 0    
-1
3 0 7 0    3 0 10 1    4 0 8 1    4 0 9 0    
-1
2 0 10 1    3 0 9 0    4 0 8 0    4 0 9 1    
-1
1 0 9 1    2 0 8 0    3 0 8 1    4 0 9 0    
-1
1 0 10 1    2 0 8 1    2 0 9 0    3 0 8 0    
-1
2 0 8 0    2 0 11 1    3 0 9 1    3 0 10 0    
-1
1 0 11 1    2 0 10 0    3 0 9 0    3 0 10 1    
-1
0 0 10 1    1 0 9 0    2 0 9 1    3 0 10 0    
-1
0 0 11 1    1 0 9 1    1 0 10 0    2 0 9 0    
-1
